300 0.00054839
305 0.00066492
310 0.00080017
315 0.00095606
320 0.0011346
325 0.0013377
330 0.0015676
335 0.0018262
340 0.0021156
345 0.0024379
350 0.002795
355 0.0031889
360 0.0036214
365 0.0040944
370 0.0046096
375 0.0051686
380 0.0057728
385 0.0055747
390 0.0052397
395 0.0056856
400 0.0063946
405 0.0069094
410 0.0072637
415 0.0072845
420 0.0067514
425 0.005953
430 0.0045925
435 0.0029664
440 0.001278
445 0.0
450 0.00051179
455 0.0025966
460 0.0034495
465 0.0035116
470 0.0043096
475 0.0061519
480 0.0076788
485 0.0077936
490 0.0080291
495 0.010492
500 0.01318
505 0.014755
510 0.016224
515 0.018658
520 0.0217
525 0.023418
530 0.023506
535 0.02392
540 0.025296
545 0.026755
550 0.028665
555 0.030649
560 0.033234
565 0.035989
570 0.035844
575 0.034335
580 0.092893
585 0.21338
590 0.3262
595 0.41312
600 0.49445
605 0.50966
610 0.52492
615 0.54114
620 0.55749
625 0.5701
630 0.58122
635 0.59466
640 0.61013
645 0.62581
650 0.64188
655 0.65643
660 0.66295
665 0.66907
670 0.68872
675 0.70896
680 0.71559
685 0.71776
690 0.72758
695 0.74315
700 0.75097
705 0.74612
710 0.74715
715 0.77549
720 0.80414
725 0.81524
730 0.82614
735 0.83684
740 0.84734
745 0.85764
750 0.86773
755 0.87761
760 0.88728
765 0.89674
770 0.90599
775 0.91502
780 0.92383
785 0.93242
790 0.9408
795 0.94896
800 0.95691
805 0.96463
810 0.97214
815 0.97943
820 0.9865
825 0.99336
830 1
