300 0.00015867
305 0.00019239
310 0.00023152
315 0.00027662
320 0.00032828
325 0.00038706
330 0.00045357
335 0.00052839
340 0.00061213
345 0.00070538
350 0.0008087
355 0.00092266
360 0.0010478
365 0.0011847
370 0.0013337
375 0.0014955
380 0.0016703
385 0.0014952
390 0.0012547
395 0.0013199
400 0.0014803
405 0.0015777
410 0.0016218
415 0.0015886
420 0.0014313
425 0.0012256
430 0.00095367
435 0.00064487
440 0.00086104
445 0.0011042
450 0.004356
455 0.0086692
460 0.014247
465 0.020916
470 0.029344
475 0.039975
480 0.052015
485 0.066159
490 0.081784
495 0.10113
500 0.12216
505 0.14276
510 0.16457
515 0.18504
520 0.20537
525 0.22112
530 0.23115
535 0.24127
540 0.25137
545 0.2616
550 0.27205
555 0.28261
560 0.29349
565 0.30451
570 0.31474
575 0.32463
580 0.35038
585 0.39247
590 0.43258
595 0.4659
600 0.49777
605 0.51226
610 0.52676
615 0.54138
620 0.55598
625 0.56962
630 0.58284
635 0.59656
640 0.61069
645 0.62486
650 0.63918
655 0.65297
660 0.66439
665 0.67561
670 0.69042
675 0.70529
680 0.71591
685 0.72505
690 0.73672
695 0.75025
700 0.76093
705 0.76702
710 0.77455
715 0.78939
720 0.80414
725 0.81524
730 0.82614
735 0.83684
740 0.84734
745 0.85764
750 0.86773
755 0.87761
760 0.88728
765 0.89674
770 0.90599
775 0.91502
780 0.92383
785 0.93242
790 0.9408
795 0.94896
800 0.95691
805 0.96463
810 0.97214
815 0.97943
820 0.9865
825 0.99336
830 1
