380     1.52000000000000e-12
382     1.46300000000000e-12
384     1.24000000000000e-12
386     0.00178900000000000
388     0.00125900000000000
390     0.000527200000000000
392     0.00107300000000000
394     0.000872100000000000
396     0.00203800000000000
398     0.00132200000000000
400     0.000163000000000000
402     0.000180100000000000
404     0.000442700000000000
406     0.000124100000000000
408     0.000291800000000000
410     3.20700000000000e-13
412     0.000741600000000000
414     3.06800000000000e-13
416     0.000462800000000000
418     0.000208600000000000
420     0.000206200000000000
422     0.000587300000000000
424     0.000258200000000000
426     6.08500000000000e-05
428     0.000207100000000000
430     0.000959000000000000
432     0.00122600000000000
434     0.000946100000000000
436     0.000772000000000000
438     0.000625400000000000
440     0.000863900000000000
442     9.06600000000000e-05
444     0.000229400000000000
446     9.17400000000000e-05
448     0.000994400000000000
450     0.00161800000000000
452     0.000633400000000000
454     0.000419700000000000
456     0.000205100000000000
458     0.000141900000000000
460     0.000396300000000000
462     0.000176300000000000
464     0.000968200000000000
466     0.00354800000000000
468     0.00194700000000000
470     0.000724600000000000
472     0.000129700000000000
474     0.000819600000000000
476     0.000232600000000000
478     0.000112200000000000
480     7.01100000000000e-05
482     1.60800000000000e-06
484     0.000259500000000000
486     0.000591300000000000
488     0.000106600000000000
490     1.73500000000000e-13
492     8.72200000000000e-05
494     0.00122200000000000
496     0.00658100000000000
498     0.00988500000000000
500     0.00235200000000000
502     0.000368500000000000
504     0.000305600000000000
506     0.000266300000000000
508     2.65900000000000e-05
510     2.54700000000000e-05
512     0.000621200000000000
514     0.00200500000000000
516     0.00136900000000000
518     0.000403700000000000
520     0.000696000000000000
522     0.000327900000000000
524     0.000372700000000000
526     0.000562200000000000
528     0.000121100000000000
530     3.81100000000000e-05
532     0.000190500000000000
534     1.61200000000000e-05
536     0.000337800000000000
538     0.000275000000000000
540     0.000273300000000000
542     9.90200000000000e-05
544     0.000212400000000000
546     6.00900000000000e-05
548     2.41800000000000e-05
550     0.000490800000000000
552     0.000194300000000000
554     0.000687600000000000
556     0.00209400000000000
558     0.00346700000000000
560     0.00419400000000000
562     0.00461600000000000
564     0.00783900000000000
566     0.0268200000000000
568     0.0406800000000000
570     0.0258500000000000
572     0.0115800000000000
574     0.00541700000000000
576     0.00495300000000000
578     0.00599500000000000
580     0.00749600000000000
582     0.00996900000000000
584     0.0204500000000000
586     0.163700000000000
588     0.445600000000000
590     0.387900000000000
592     0.171400000000000
594     0.0694300000000000
596     0.0244300000000000
598     0.0129000000000000
600     0.00939100000000000
602     0.00752500000000000
604     0.00559700000000000
606     0.00593200000000000
608     0.00501300000000000
610     0.00435800000000000
612     0.00504500000000000
614     0.00971600000000000
616     0.00911100000000000
618     0.00497700000000000
620     0.00330200000000000
622     0.00312000000000000
624     0.00244500000000000
626     0.00209100000000000
628     0.00198300000000000
630     0.00173200000000000
632     0.00205300000000000
634     0.00206300000000000
636     0.00206700000000000
638     0.00111400000000000
640     0.00103200000000000
642     0.00158600000000000
644     0.00176300000000000
646     0.00210400000000000
648     0.000957400000000000
650     0.00148600000000000
652     0.00146800000000000
654     0.00129400000000000
656     0.00115500000000000
658     0.00156900000000000
660     0.00201200000000000
662     0.00129300000000000
664     0.00118700000000000
666     0.000798800000000000
668     0.000372500000000000
670     0.000236700000000000
672     0.000891900000000000
674     0.000797200000000000
676     0.00127400000000000
678     0.00112900000000000
680     0.000705900000000000
682     0.00115300000000000
684     0.00122500000000000
686     0.000535900000000000
688     0.000350800000000000
690     0.000690200000000000
692     0.000869900000000000
694     0.000870000000000000
696     0.00103500000000000
698     0.00133500000000000
700     0.000620800000000000
702     0.000601600000000000
704     0.00145800000000000
706     0.000878600000000000
708     0.000384500000000000
710     0.000439000000000000
712     0.000126100000000000
714     0.000187800000000000
716     0.000749700000000000
718     0.000347700000000000
720     0.00117200000000000
722     0.00101300000000000
724     0.00159300000000000
726     0.000211600000000000
728     0.000709800000000000
730     0.000621300000000000
732     0.00184000000000000
734     0.000358300000000000
736     0.000972000000000000
738     0.000552200000000000
740     0.000626100000000000
742     0.00124900000000000
744     0.000828900000000000
746     0.00101400000000000
748     0.00169500000000000
750     0.00133900000000000
752     0.000525300000000000
754     8.29800000000000e-05
756     3.82400000000000e-05
758     0.00120600000000000
760     0.000527600000000000
762     0.000517900000000000
764     0.00325900000000000
766     0.0104800000000000
768     0.0111800000000000
770     0.00943100000000000
772     0.00365000000000000
774     0.000549800000000000
776     0.00200100000000000
778     1.62600000000000e-05
780     0.000139800000000000

